The shortest route: 16
The longest route: 215




Length of final Q-table = 15
Final Q-table with values from the final route:
                       0         1         2         3
[0.0, 40.0]    -0.204162 -0.995825 -0.091185 -0.189924
[40.0, 40.0]   -0.995362 -0.092140 -0.079218 -0.129765
[40.0, 80.0]   -0.125732  0.070085 -0.104099 -0.952899
[40.0, 120.0]  -0.051987  0.123010 -0.878423 -0.046152
[40.0, 160.0]   0.029066  0.176914  0.023672 -0.651322
[40.0, 200.0]   0.055900 -0.651322  0.199493  0.011666
[80.0, 200.0]   0.023735  0.213046  0.066718 -0.107790
[120.0, 200.0] -0.409510 -0.038005  0.049675  0.154253
[160.0, 200.0] -0.015286 -0.019116 -0.468559  0.147250
[160.0, 240.0] -0.017947 -0.023661 -0.271000  0.002560
[160.0, 280.0] -0.000041  0.200921 -0.271000 -0.271000
[160.0, 320.0]  0.022783  0.353729  0.572009  0.254283
[200.0, 320.0] -0.745813  0.452560  0.809621  0.343091
[240.0, 320.0]  0.899978  0.421355  0.042642  0.377703
[240.0, 280.0]  1.000000  0.192639 -0.686189 -0.468559

Length of full Q-table = 60
Full Q-table:
                       0         1         2         3
[0.0, 0.0]     -0.227169 -0.106006 -0.997781 -0.238581
[0.0, 40.0]    -0.204162 -0.995825 -0.091185 -0.189924
obstacle        0.000000  0.000000  0.000000  0.000000
[40.0, 40.0]   -0.995362 -0.092140 -0.079218 -0.129765
[80.0, 40.0]   -0.063763 -0.163290 -0.166254 -0.172568
[120.0, 40.0]  -0.124285 -0.969097  0.011526 -0.088198
[160.0, 40.0]  -0.771232  0.033036 -0.084315 -0.053806
[200.0, 40.0]  -0.093319 -0.050544 -0.745813 -0.074978
[200.0, 0.0]   -0.080876 -0.093154 -0.050973 -0.686189
[240.0, 0.0]   -0.086681 -0.569533 -0.090903 -0.101386
[280.0, 0.0]   -0.066552 -0.042434 -0.612580 -0.041529
[280.0, 40.0]  -0.014699 -0.043906 -0.026744 -0.468559
[280.0, 80.0]  -0.037047 -0.468559 -0.024225 -0.024478
[240.0, 80.0]  -0.651322  0.021616 -0.042562 -0.065006
[200.0, 80.0]  -0.079001 -0.612580 -0.010084 -0.066882
[160.0, 80.0]  -0.077523  0.071595 -0.058034 -0.686189
[80.0, 80.0]   -0.119687 -0.794109 -0.890581 -0.132537
[40.0, 80.0]   -0.125732  0.070085 -0.104099 -0.952899
[120.0, 0.0]   -0.145428 -0.010489 -0.814698 -0.147653
[80.0, 0.0]    -0.100271 -0.102930 -0.047159 -0.972187
[40.0, 120.0]  -0.051987  0.123010 -0.878423 -0.046152
[0.0, 120.0]   -0.343900 -0.521703  0.003277 -0.097809
[40.0, 160.0]   0.029066  0.176914  0.023672 -0.651322
[80.0, 160.0]  -0.468559  0.153269 -0.409510 -0.007791
[160.0, 120.0] -0.061581  0.106120 -0.612580 -0.044603
[120.0, 120.0] -0.190000 -0.190000 -0.028748 -0.343900
[40.0, 200.0]   0.055900 -0.651322  0.199493  0.011666
[160.0, 160.0] -0.041127  0.135018  0.018738 -0.651322
[80.0, 200.0]   0.023735  0.213046  0.066718 -0.107790
[120.0, 200.0] -0.409510 -0.038005  0.049675  0.154253
[80.0, 240.0]   0.106786  0.294219  0.008203 -0.651322
[80.0, 280.0]   0.099077  0.360098 -0.569533 -0.005620
[40.0, 280.0]  -0.271000 -0.017359 -0.002249 -0.001115
[240.0, 120.0] -0.045515  0.041919 -0.409510 -0.409510
[240.0, 160.0] -0.031080 -0.343900 -0.035207  0.056882
[200.0, 160.0] -0.343900 -0.343900 -0.006558  0.092674
[160.0, 200.0] -0.015286 -0.019116 -0.468559  0.147250
[160.0, 240.0] -0.017947 -0.023661 -0.271000  0.002560
[120.0, 240.0]  0.076022 -0.409510 -0.007040 -0.017945
[280.0, 160.0] -0.343900 -0.271000 -0.025786 -0.016330
[320.0, 80.0]  -0.008282 -0.409510 -0.013223 -0.008272
[320.0, 40.0]  -0.343900 -0.030829 -0.021533 -0.013321
[0.0, 200.0]   -0.521703 -0.016665  0.117477 -0.035856
[0.0, 240.0]   -0.013855 -0.028016 -0.343900 -0.030652
[0.0, 280.0]   -0.003142 -0.343900 -0.007429 -0.016200
[160.0, 280.0] -0.000041  0.200921 -0.271000 -0.271000
[160.0, 320.0]  0.022783  0.353729  0.572009  0.254283
[120.0, 320.0] -0.794109  0.360943  0.539450  0.230787
[200.0, 320.0] -0.745813  0.452560  0.809621  0.343091
[240.0, 320.0]  0.899978  0.421355  0.042642  0.377703
[280.0, 320.0] -0.100000  0.003668  0.000000  0.274346
[320.0, 320.0]  0.000000  0.000000  0.000000  0.006997
[40.0, 320.0]  -0.000960 -0.006706 -0.001619 -0.343900
[80.0, 320.0]   0.168353  0.212001  0.383081 -0.006982
[320.0, 280.0]  0.000000  0.000869  0.000000 -0.100000
[320.0, 240.0]  0.000000  0.000061  0.000000 -0.190000
[320.0, 160.0] -0.343900 -0.008100 -0.017844 -0.001613
[240.0, 280.0]  1.000000  0.192639 -0.686189 -0.468559
goal            0.000000  0.000000  0.000000  0.000000
[320.0, 200.0] -0.000004 -0.008998 -0.017101 -0.271000
