The shortest route: 120
The longest route: 166



Length of final Q-table = 69
Final Q-table with values from the final route:
                                     0         1         2    3
[23.0, 3.0, 37.0, 17.0]       0.000000  0.000000 -0.999782  0.0
[3.0, 3.0, 17.0, 17.0]        0.000000  0.000000  0.000000  0.0
[3.0, 23.0, 17.0, 37.0]       0.000000 -0.999916  0.000000  0.0
[23.0, 23.0, 37.0, 37.0]      0.000000  0.000000  0.000000  0.0
[43.0, 23.0, 57.0, 37.0]     -0.971211  0.000000 -0.980152  0.0
                               ...       ...       ...  ...
[363.0, 383.0, 377.0, 397.0]  0.000000  0.000000  0.000000  0.0
[343.0, 383.0, 357.0, 397.0]  0.000000  0.000000  0.000000  0.0
[343.0, 403.0, 357.0, 417.0]  0.000000  0.000000  0.000000  0.0
[363.0, 403.0, 377.0, 417.0]  0.000000  0.000000  0.000000  0.0
[383.0, 403.0, 397.0, 417.0]  0.000000  0.000000  0.010000  0.0

[69 rows x 4 columns]

Length of full Q-table = 317
Full Q-table:
                                0         1         2    3
[3.0, 3.0, 17.0, 17.0]        0.0  0.000000  0.000000  0.0
[23.0, 3.0, 37.0, 17.0]       0.0  0.000000 -0.999782  0.0
[3.0, 23.0, 17.0, 37.0]       0.0 -0.999916  0.000000  0.0
obstacle                      0.0  0.000000  0.000000  0.0
[23.0, 23.0, 37.0, 37.0]      0.0  0.000000  0.000000  0.0
                          ...       ...       ...  ...
[503.0, 183.0, 517.0, 197.0]  0.0  0.000000  0.000000  0.0
[523.0, 183.0, 537.0, 197.0]  0.0  0.000000  0.000000  0.0
[543.0, 183.0, 557.0, 197.0]  0.0  0.000000  0.000000  0.0
[543.0, 163.0, 557.0, 177.0]  0.0  0.000000 -0.010000  0.0
[263.0, 383.0, 277.0, 397.0]  0.0  0.000000  0.000000  0.0

[317 rows x 4 columns]
