The shortest route: 50
The longest route: 774


Length of final Q-table = 47
Final Q-table with values from the final route:
                                         0  ...             3
[3.0, 3.0, 17.0, 17.0]        0.000000e+00  ...  0.000000e+00
[3.0, 23.0, 17.0, 37.0]       0.000000e+00  ...  0.000000e+00
[23.0, 23.0, 37.0, 37.0]      0.000000e+00  ...  0.000000e+00
[43.0, 23.0, 57.0, 37.0]      0.000000e+00  ...  0.000000e+00
[63.0, 23.0, 77.0, 37.0]      0.000000e+00  ...  0.000000e+00
[63.0, 3.0, 77.0, 17.0]       0.000000e+00  ...  0.000000e+00
[83.0, 3.0, 97.0, 17.0]       0.000000e+00  ...  0.000000e+00
[103.0, 3.0, 117.0, 17.0]     0.000000e+00  ...  0.000000e+00
[123.0, 3.0, 137.0, 17.0]     0.000000e+00  ...  0.000000e+00
[123.0, 23.0, 137.0, 37.0]    0.000000e+00  ...  0.000000e+00
[143.0, 23.0, 157.0, 37.0]    0.000000e+00  ...  0.000000e+00
[143.0, 43.0, 157.0, 57.0]    0.000000e+00  ...  0.000000e+00
[163.0, 23.0, 177.0, 37.0]    0.000000e+00  ...  0.000000e+00
[183.0, 23.0, 197.0, 37.0]    0.000000e+00  ...  0.000000e+00
[183.0, 43.0, 197.0, 57.0]    0.000000e+00  ...  0.000000e+00
[183.0, 63.0, 197.0, 77.0]    0.000000e+00  ...  0.000000e+00
[163.0, 63.0, 177.0, 77.0]    0.000000e+00  ...  0.000000e+00
[163.0, 83.0, 177.0, 97.0]    0.000000e+00  ...  0.000000e+00
[163.0, 103.0, 177.0, 117.0]  0.000000e+00  ...  0.000000e+00
[163.0, 123.0, 177.0, 137.0]  7.338219e-49  ...  0.000000e+00
[163.0, 143.0, 177.0, 157.0]  0.000000e+00  ...  0.000000e+00
[183.0, 143.0, 197.0, 157.0]  0.000000e+00  ...  0.000000e+00
[183.0, 163.0, 197.0, 177.0]  0.000000e+00  ...  0.000000e+00
[203.0, 163.0, 217.0, 177.0]  0.000000e+00  ...  0.000000e+00
[223.0, 163.0, 237.0, 177.0]  1.752206e-45  ...  2.226968e-43
[243.0, 163.0, 257.0, 177.0]  0.000000e+00  ...  1.058892e-37
[263.0, 163.0, 277.0, 177.0]  0.000000e+00  ...  0.000000e+00
[263.0, 183.0, 277.0, 197.0]  4.990642e-33  ...  1.421979e-39
[263.0, 203.0, 277.0, 217.0]  0.000000e+00  ...  1.784490e-36
[263.0, 223.0, 277.0, 237.0]  0.000000e+00  ...  0.000000e+00
[283.0, 223.0, 297.0, 237.0]  1.594779e-34  ...  8.044387e-27
[303.0, 223.0, 317.0, 237.0]  9.354217e-29  ...  0.000000e+00
[303.0, 243.0, 317.0, 257.0]  4.101467e-24  ...  6.910233e-28
[323.0, 243.0, 337.0, 257.0]  0.000000e+00  ...  0.000000e+00
[323.0, 263.0, 337.0, 277.0]  0.000000e+00  ...  0.000000e+00
[323.0, 283.0, 337.0, 297.0]  1.000718e-18  ...  0.000000e+00
[323.0, 303.0, 337.0, 317.0]  1.090633e-16  ...  0.000000e+00
[323.0, 323.0, 337.0, 337.0]  0.000000e+00  ...  8.963887e-28
[323.0, 343.0, 337.0, 357.0]  4.609682e-13  ...  3.828747e-14
[343.0, 343.0, 357.0, 357.0]  0.000000e+00  ...  2.984456e-12
[363.0, 343.0, 377.0, 357.0]  0.000000e+00  ...  3.727871e-11
[383.0, 343.0, 397.0, 357.0]  0.000000e+00  ...  1.276775e-14
[403.0, 343.0, 417.0, 357.0]  0.000000e+00  ...  8.205415e-09
[423.0, 343.0, 437.0, 357.0]  6.825374e-12  ...  2.199945e-07
[423.0, 363.0, 437.0, 377.0]  0.000000e+00  ...  0.000000e+00
[423.0, 383.0, 437.0, 397.0]  1.189488e-04  ...  1.186396e-01
[403.0, 383.0, 417.0, 397.0] -2.970100e-02  ...  0.000000e+00

[47 rows x 4 columns]

Length of full Q-table = 572
Full Q-table:
                                     0    1         2    3
[3.0, 3.0, 17.0, 17.0]        0.000000  0.0  0.000000  0.0
[3.0, 23.0, 17.0, 37.0]       0.000000  0.0  0.000000  0.0
[3.0, 43.0, 17.0, 57.0]       0.000000  0.0 -0.538778  0.0
[3.0, 63.0, 17.0, 77.0]       0.000000  0.0  0.000000  0.0
[23.0, 63.0, 37.0, 77.0]     -0.344341  0.0  0.000000  0.0
                               ...  ...       ...  ...
[483.0, 483.0, 497.0, 497.0]  0.000000  0.0  0.000000  0.0
[483.0, 463.0, 497.0, 477.0]  0.000000  0.0  0.000000  0.0
[463.0, 463.0, 477.0, 477.0]  0.000000  0.0  0.000000  0.0
[443.0, 463.0, 457.0, 477.0]  0.000000  0.0  0.000000  0.0
[443.0, 443.0, 457.0, 457.0]  0.000000  0.0  0.000000  0.0

[572 rows x 4 columns]
