The shortest route: 134
The longest route: 3427



Length of final Q-table = 73
Final Q-table with values from the final route:
                                     0         1         2         3
[23.0, 3.0, 37.0, 17.0]      -0.810000 -0.135085  0.000000 -0.205891
[43.0, 3.0, 57.0, 17.0]      -0.478297 -0.810000  0.000000 -0.590490
[63.0, 3.0, 77.0, 17.0]      -0.007855 -0.900000  0.000000 -0.348678
[63.0, 23.0, 77.0, 37.0]      0.000000 -1.000000  0.000000 -0.002219
[83.0, 23.0, 97.0, 37.0]      0.000000 -0.900000 -0.228768 -0.900000
                               ...       ...       ...       ...
[463.0, 363.0, 477.0, 377.0]  0.000000  0.656100  0.052335 -0.810000
[443.0, 363.0, 457.0, 377.0]  0.030903  0.729000  0.000000 -0.900000
[443.0, 383.0, 457.0, 397.0]  0.000000  0.000000  0.000000  0.810000
[423.0, 383.0, 437.0, 397.0] -0.900000  0.478297  0.000000 -0.900000
[423.0, 403.0, 437.0, 417.0]  0.810000  0.810000  0.000000  1.000000

[73 rows x 4 columns]

Length of full Q-table = 574
Full Q-table:
                                     0    1         2         3
[3.0, 3.0, 17.0, 17.0]       -0.000006  0.0  0.000000  0.000000
[3.0, 23.0, 17.0, 37.0]      -0.531441  0.0 -0.254187 -0.430467
[3.0, 43.0, 17.0, 57.0]       0.000000  0.0 -1.000000  0.000000
obstacle                      0.000000  0.0  0.000000  0.000000
[23.0, 23.0, 37.0, 37.0]     -0.590490 -1.0  0.000000 -0.810000
                               ...  ...       ...       ...
[403.0, 383.0, 417.0, 397.0] -1.000000  1.0  0.000000  0.000000
[383.0, 383.0, 397.0, 397.0] -1.000000  0.0  0.000000  0.000000
[483.0, 443.0, 497.0, 457.0]  0.000000  0.0  0.000000  0.000000
goal                          0.000000  0.0  0.000000  0.000000
[383.0, 403.0, 397.0, 417.0] -0.900000  0.0  0.000000  0.000000

[574 rows x 4 columns]
