The shortest route: 98
The longest route: 2595



Length of final Q-table = 59
Final Q-table with values from the final route:
                                     0             1             2         3
[3.0, 23.0, 17.0, 37.0]      -0.460709 -1.000000e+00 -1.232836e-01 -0.544172
[3.0, 3.0, 17.0, 17.0]       -0.152600 -7.998328e-02 -4.186012e-01 -0.517133
[23.0, 23.0, 37.0, 37.0]     -0.891897 -9.456744e-03 -8.186213e-01 -0.384594
[23.0, 43.0, 37.0, 57.0]     -0.664391 -1.000000e+00 -4.679046e-01 -1.000000
[43.0, 43.0, 57.0, 57.0]     -0.474354 -8.181402e-01 -6.268471e-01 -0.827875
[43.0, 63.0, 57.0, 77.0]     -0.581242 -1.000000e+00 -7.081218e-02 -1.000000
[63.0, 63.0, 77.0, 77.0]     -0.335749 -8.175798e-01 -8.119002e-01 -0.859967
[83.0, 63.0, 97.0, 77.0]     -1.000000 -6.897338e-01 -1.000000e+00 -0.017460
[83.0, 83.0, 97.0, 97.0]     -0.272367 -4.569406e-01 -8.260712e-01 -0.810540
[103.0, 83.0, 117.0, 97.0]   -1.000000 -1.078659e-01 -1.049214e-01 -0.694849
[123.0, 83.0, 137.0, 97.0]   -1.000000 -1.844333e-02 -2.476216e-01 -0.418485
[143.0, 83.0, 157.0, 97.0]   -0.142531 -6.627997e-01 -6.047907e-01 -0.033328
[163.0, 83.0, 177.0, 97.0]   -0.731108 -1.000000e+00 -9.999999e-01 -0.036061
[163.0, 63.0, 177.0, 77.0]   -0.817232 -8.185338e-01 -8.807906e-02 -0.891753
[183.0, 63.0, 197.0, 77.0]   -0.367179 -1.000000e+00 -2.214068e-02 -0.669136
[183.0, 43.0, 197.0, 57.0]   -0.613550 -5.757971e-01 -2.344945e-02 -0.412147
[203.0, 43.0, 217.0, 57.0]   -0.658356 -1.247073e-01 -7.722827e-02 -0.664112
[223.0, 43.0, 237.0, 57.0]   -0.027088 -1.771011e-01 -4.374607e-01 -0.670560
[243.0, 43.0, 257.0, 57.0]   -0.164014 -8.115261e-01 -2.535016e-02 -0.025125
[243.0, 63.0, 257.0, 77.0]   -0.286312 -9.999999e-01 -2.315777e-01 -0.004067
[263.0, 63.0, 277.0, 77.0]   -0.048044 -9.990000e-01 -7.656474e-03 -0.882090
[283.0, 63.0, 297.0, 77.0]   -0.002448 -9.999900e-01 -1.097585e-01 -0.064310
[303.0, 63.0, 317.0, 77.0]   -0.004726 -7.293210e-01 -1.884625e-02 -0.000808
[323.0, 63.0, 337.0, 77.0]   -0.016018 -1.473882e-03 -4.786842e-02 -0.036980
[323.0, 43.0, 337.0, 57.0]   -0.010890 -3.621610e-03 -3.202975e-04 -0.012487
[323.0, 23.0, 337.0, 37.0]   -0.041020 -2.829873e-02 -6.240248e-03 -0.393958
[323.0, 83.0, 337.0, 97.0]   -0.014948 -1.137567e-03 -3.875187e-01 -0.035819
[323.0, 103.0, 337.0, 117.0] -0.009866 -5.320681e-01 -1.284861e-02 -0.000486
[323.0, 123.0, 337.0, 137.0] -0.061186 -9.458773e-04 -6.667122e-02 -0.042256
[323.0, 143.0, 337.0, 157.0] -0.052226 -4.915001e-06 -5.261314e-01 -0.095548
[323.0, 163.0, 337.0, 177.0] -0.001139 -1.070823e-08 -3.138106e-01 -0.072900
[343.0, 163.0, 357.0, 177.0] -0.005094  0.000000e+00 -8.091900e-02 -0.038969
[323.0, 183.0, 337.0, 197.0] -0.000154 -3.451917e-03 -1.504979e-11 -0.003452
[343.0, 183.0, 357.0, 197.0] -0.000411 -2.650491e-13 -5.904900e-01 -0.007260
[343.0, 203.0, 357.0, 217.0] -0.000025  0.000000e+00 -1.170893e-04 -0.022648
[363.0, 203.0, 377.0, 217.0] -0.000001 -1.579376e-04 -6.495390e-03 -0.000014
[363.0, 183.0, 377.0, 197.0] -0.801900 -5.261266e-01 -7.290000e-02 -0.000001
[363.0, 223.0, 377.0, 237.0] -0.052613  0.000000e+00  0.000000e+00 -0.000019
[363.0, 243.0, 377.0, 257.0]  0.000000  0.000000e+00  0.000000e+00  0.000000
[343.0, 243.0, 357.0, 257.0]  0.000000  0.000000e+00  0.000000e+00  0.000000
[343.0, 223.0, 357.0, 237.0] -0.000024  0.000000e+00  0.000000e+00 -0.018512
[343.0, 263.0, 357.0, 277.0]  0.000000 -5.261266e-01 -7.290000e-03  0.000000
[343.0, 283.0, 357.0, 297.0] -0.005905  0.000000e+00 -7.144929e-02 -0.059049
[323.0, 243.0, 337.0, 257.0] -0.002796  0.000000e+00  0.000000e+00 -0.002821
[323.0, 263.0, 337.0, 277.0]  0.000000  0.000000e+00  0.000000e+00 -0.002285
[303.0, 263.0, 317.0, 277.0] -0.000282 -8.019000e-01  0.000000e+00 -0.990000
[303.0, 243.0, 317.0, 257.0] -0.000348 -7.290000e-02  0.000000e+00 -0.228539
[323.0, 283.0, 337.0, 297.0]  0.000000  0.000000e+00  0.000000e+00 -0.072900
[343.0, 303.0, 357.0, 317.0] -0.047830  0.000000e+00  0.000000e+00  0.000000
[323.0, 303.0, 337.0, 317.0]  0.000000  0.000000e+00  0.000000e+00  0.000000
[323.0, 323.0, 337.0, 337.0]  0.000000  0.000000e+00  0.000000e+00  0.000000
[303.0, 303.0, 317.0, 317.0]  0.000000 -7.290000e-01  0.000000e+00 -0.990000
[363.0, 303.0, 377.0, 317.0] -0.064954 -7.290000e-01 -9.900000e-01  0.000000
[363.0, 323.0, 377.0, 337.0]  0.000000  0.000000e+00 -9.900000e-01  0.000000
[363.0, 343.0, 377.0, 357.0]  0.000000  0.000000e+00  0.000000e+00  0.000000
[383.0, 343.0, 397.0, 357.0]  0.000000  0.000000e+00  0.000000e+00  0.000000
[383.0, 363.0, 397.0, 377.0]  0.000000  8.030664e-01  0.000000e+00  0.000000
[383.0, 383.0, 397.0, 397.0]  0.000000  0.000000e+00  8.995860e-01  0.000000
[403.0, 383.0, 417.0, 397.0]  0.000000  9.999900e-01  0.000000e+00  0.000000

Length of full Q-table = 391
Full Q-table:
                                     0         1         2         3
[3.0, 3.0, 17.0, 17.0]       -0.152600 -0.079983 -0.418601 -0.517133
[3.0, 23.0, 17.0, 37.0]      -0.460709 -1.000000 -0.123284 -0.544172
[23.0, 3.0, 37.0, 17.0]      -0.810602 -0.494821 -1.000000 -0.184236
obstacle                      0.000000  0.000000  0.000000  0.000000
[23.0, 23.0, 37.0, 37.0]     -0.891897 -0.009457 -0.818621 -0.384594
                               ...       ...       ...       ...
[583.0, 183.0, 597.0, 197.0] -0.900000  0.000000  0.000000  0.000000
[583.0, 243.0, 597.0, 257.0]  0.000000 -0.900000  0.000000  0.000000
[583.0, 203.0, 597.0, 217.0]  0.000000  0.000000  0.000000  0.000000
[543.0, 203.0, 557.0, 217.0]  0.000000  0.000000  0.000000  0.000000
[543.0, 323.0, 557.0, 337.0]  0.000000  0.000000 -0.900000  0.000000

[391 rows x 4 columns]
