The shortest route: 16
The longest route: 151

Length of final Q-table = 15
Final Q-table with values from the final route:
                           0             1             2             3
[0.0, 40.0]     4.781437e-08 -5.870503e-01  1.332921e-05  2.543725e-07
[40.0, 40.0]   -3.443408e-01  4.616213e-05  7.539035e-10  6.074799e-08
[40.0, 80.0]    1.243290e-06  1.487547e-04  3.050157e-08 -3.310282e-01
[40.0, 120.0]   4.947858e-06  4.313106e-04 -2.376573e-01  1.130161e-07
[40.0, 160.0]   1.369741e-06  2.955205e-06  1.253429e-03 -2.299569e-01
[80.0, 160.0]  -1.654862e-01  3.547798e-03 -1.654862e-01  1.280357e-05
[80.0, 200.0]   5.105014e-05  8.011832e-08  9.775095e-03  1.597599e-06
[120.0, 200.0] -8.648275e-02  1.318407e-05  2.410098e-02  1.560099e-04
[160.0, 200.0]  8.878491e-06  5.507667e-02 -1.224790e-01  2.792377e-04
[160.0, 240.0]  1.016768e-03  1.152121e-01 -1.485422e-01  8.778198e-06
[160.0, 280.0]  4.351347e-03  2.211137e-01 -1.902721e-01 -8.648275e-02
[160.0, 320.0]  7.755200e-03  6.196591e-03  3.824976e-01  2.829357e-04
[200.0, 320.0] -1.312542e-01  3.054481e-02  5.783999e-01  2.026321e-02
[240.0, 320.0]  7.890857e-01  5.362573e-02  1.017280e-03  1.354312e-02
[240.0, 280.0]  9.688009e-01  3.460172e-02 -1.485422e-01 -1.485422e-01

Length of full Q-table = 60
Full Q-table:
                           0             1             2             3
[0.0, 0.0]      6.517307e-08  3.894051e-06 -5.051613e-01  5.709750e-08
obstacle        0.000000e+00  0.000000e+00  0.000000e+00  0.000000e+00
[0.0, 40.0]     4.781437e-08 -5.870503e-01  1.332921e-05  2.543725e-07
[40.0, 40.0]   -3.443408e-01  4.616213e-05  7.539035e-10  6.074799e-08
[80.0, 40.0]    0.000000e+00  3.896646e-09  0.000000e+00  1.614780e-07
[40.0, 80.0]    1.243290e-06  1.487547e-04  3.050157e-08 -3.310282e-01
[120.0, 40.0]   0.000000e+00 -1.312542e-01  0.000000e+00  0.000000e+00
[80.0, 0.0]     0.000000e+00  0.000000e+00  0.000000e+00 -1.485422e-01
[80.0, 80.0]    0.000000e+00 -1.485422e-01 -1.485422e-01  2.033409e-06
[40.0, 120.0]   4.947858e-06  4.313106e-04 -2.376573e-01  1.130161e-07
[120.0, 0.0]    0.000000e+00  0.000000e+00 -1.738314e-01  0.000000e+00
[160.0, 40.0]  -6.793465e-02  0.000000e+00  0.000000e+00  0.000000e+00
[160.0, 80.0]   0.000000e+00  0.000000e+00  0.000000e+00 -3.940399e-02
[160.0, 120.0]  0.000000e+00  0.000000e+00 -1.990000e-02  0.000000e+00
[120.0, 120.0] -1.000000e-02 -3.940399e-02  0.000000e+00 -1.990000e-02
[200.0, 80.0]   0.000000e+00 -3.940399e-02  0.000000e+00  0.000000e+00
[200.0, 40.0]   0.000000e+00  0.000000e+00 -5.851985e-02  0.000000e+00
[200.0, 0.0]    0.000000e+00  0.000000e+00  0.000000e+00 -1.990000e-02
[40.0, 160.0]   1.369741e-06  2.955205e-06  1.253429e-03 -2.299569e-01
[40.0, 200.0]   0.000000e+00 -5.851985e-02  2.772088e-04  0.000000e+00
[0.0, 200.0]   -4.900995e-02  0.000000e+00  0.000000e+00  0.000000e+00
[80.0, 160.0]  -1.654862e-01  3.547798e-03 -1.654862e-01  1.280357e-05
[0.0, 120.0]   -1.136151e-01 -1.046617e-01  8.347482e-06  0.000000e+00
[80.0, 200.0]   5.105014e-05  8.011832e-08  9.775095e-03  1.597599e-06
[240.0, 80.0]  -1.990000e-02  0.000000e+00  0.000000e+00  0.000000e+00
[160.0, 160.0]  0.000000e+00  8.060135e-04  2.629725e-19 -3.940399e-02
[160.0, 200.0]  8.878491e-06  5.507667e-02 -1.224790e-01  2.792377e-04
[160.0, 240.0]  1.016768e-03  1.152121e-01 -1.485422e-01  8.778198e-06
[160.0, 280.0]  4.351347e-03  2.211137e-01 -1.902721e-01 -8.648275e-02
[160.0, 320.0]  7.755200e-03  6.196591e-03  3.824976e-01  2.829357e-04
[200.0, 320.0] -1.312542e-01  3.054481e-02  5.783999e-01  2.026321e-02
[120.0, 320.0] -1.990000e-02  0.000000e+00  1.416726e-02  0.000000e+00
[80.0, 320.0]   0.000000e+00  0.000000e+00  0.000000e+00  0.000000e+00
[40.0, 320.0]   0.000000e+00  0.000000e+00  0.000000e+00 -1.990000e-02
[120.0, 200.0] -8.648275e-02  1.318407e-05  2.410098e-02  1.560099e-04
[0.0, 240.0]    0.000000e+00  0.000000e+00 -3.940399e-02  0.000000e+00
[280.0, 80.0]   0.000000e+00 -3.940399e-02  0.000000e+00  0.000000e+00
[320.0, 80.0]   0.000000e+00 -2.970100e-02  0.000000e+00  0.000000e+00
[320.0, 40.0]  -2.970100e-02  0.000000e+00  0.000000e+00  0.000000e+00
[240.0, 120.0]  0.000000e+00  0.000000e+00 -2.970100e-02 -2.970100e-02
[120.0, 240.0]  8.939359e-04 -1.990000e-02  0.000000e+00  0.000000e+00
[80.0, 240.0]   0.000000e+00  0.000000e+00  8.688144e-06 -4.900995e-02
[0.0, 280.0]    0.000000e+00 -1.990000e-02  0.000000e+00  0.000000e+00
[40.0, 280.0]  -2.970100e-02  0.000000e+00  0.000000e+00  0.000000e+00
[80.0, 280.0]   0.000000e+00  0.000000e+00 -2.970100e-02  0.000000e+00
[240.0, 0.0]    0.000000e+00 -2.970100e-02  0.000000e+00  0.000000e+00
[280.0, 0.0]    0.000000e+00  0.000000e+00 -2.970100e-02  0.000000e+00
[280.0, 40.0]   0.000000e+00  0.000000e+00  0.000000e+00 -1.000000e-02
[200.0, 160.0] -2.970100e-02 -1.000000e-02  0.000000e+00  4.486922e-07
[240.0, 160.0]  0.000000e+00 -1.000000e-02  0.000000e+00  0.000000e+00
[280.0, 160.0] -1.000000e-02 -1.990000e-02  0.000000e+00  0.000000e+00
[240.0, 320.0]  7.890857e-01  5.362573e-02  1.017280e-03  1.354312e-02
[240.0, 280.0]  9.688009e-01  3.460172e-02 -1.485422e-01 -1.485422e-01
[280.0, 320.0] -1.000000e-02  1.403222e-04  0.000000e+00  3.655059e-02
[320.0, 160.0] -1.000000e-02  0.000000e+00  0.000000e+00  0.000000e+00
[320.0, 200.0]  0.000000e+00  0.000000e+00  0.000000e+00 -1.000000e-02
[320.0, 240.0]  0.000000e+00  0.000000e+00  0.000000e+00 -1.000000e-02
[320.0, 280.0]  0.000000e+00  0.000000e+00  0.000000e+00 -1.000000e-02
goal            0.000000e+00  0.000000e+00  0.000000e+00  0.000000e+00
[320.0, 320.0]  0.000000e+00  0.000000e+00  0.000000e+00  0.000000e+00
