The shortest route: 214
The longest route: 800



Length of final Q-table = 76
Final Q-table with values from the final route:
                                     0         1         2         3
[3.0, 23.0, 17.0, 37.0]      -0.127487 -1.000000 -0.658463 -0.891075
[23.0, 23.0, 37.0, 37.0]     -0.262263 -0.815738 -0.223589 -0.014302
[23.0, 3.0, 37.0, 17.0]      -0.547734 -0.452465 -1.000000 -0.097927
[3.0, 3.0, 17.0, 17.0]       -0.498687 -0.259828 -0.821944 -0.451346
[43.0, 23.0, 57.0, 37.0]     -1.000000 -0.700772 -1.000000 -0.054043
                               ...       ...       ...       ...
[463.0, 403.0, 477.0, 417.0]  0.000000 -0.900000  0.000000  0.000000
[483.0, 403.0, 497.0, 417.0]  0.000000  0.000000  0.000000  0.000000
[423.0, 343.0, 437.0, 357.0] -0.900000  0.000000  0.000000  0.000000
[403.0, 363.0, 417.0, 377.0] -0.590490  0.000000  0.000000  0.000000
[383.0, 363.0, 397.0, 377.0]  0.000000  0.000000  0.000000  0.000000

[76 rows x 4 columns]

Length of full Q-table = 385
Full Q-table:
                                     0         1         2         3
[3.0, 3.0, 17.0, 17.0]       -0.498687 -0.259828 -0.821944 -0.451346
[23.0, 3.0, 37.0, 17.0]      -0.547734 -0.452465 -1.000000 -0.097927
obstacle                      0.000000  0.000000  0.000000  0.000000
[3.0, 23.0, 17.0, 37.0]      -0.127487 -1.000000 -0.658463 -0.891075
[23.0, 23.0, 37.0, 37.0]     -0.262263 -0.815738 -0.223589 -0.014302
                               ...       ...       ...       ...
[63.0, 343.0, 77.0, 357.0]    0.000000  0.000000  0.000000  0.000000
[443.0, 363.0, 457.0, 377.0]  0.000000  0.000000  0.000000  0.000000
[483.0, 403.0, 497.0, 417.0]  0.000000  0.000000  0.000000  0.000000
goal                          0.000000  0.000000  0.000000  0.000000
[63.0, 363.0, 77.0, 377.0]    0.000000  0.000000 -0.900000  0.000000

[385 rows x 4 columns]
