The shortest route: 120
The longest route: 183




Length of final Q-table = 57
Final Q-table with values from the final route:
                                     0             1         2         3
[23.0, 3.0, 37.0, 17.0]       0.000000  0.000000e+00 -0.999851  0.000000
[23.0, 23.0, 37.0, 37.0]      0.000000  0.000000e+00  0.000000  0.000000
[23.0, 43.0, 37.0, 57.0]      0.000000 -9.754875e-01  0.000000 -0.976922
[43.0, 43.0, 57.0, 57.0]      0.000000  0.000000e+00  0.000000  0.000000
[43.0, 23.0, 57.0, 37.0]     -0.975240  0.000000e+00 -0.974737  0.000000
[3.0, 3.0, 17.0, 17.0]        0.000000  0.000000e+00  0.000000  0.000000
[3.0, 23.0, 17.0, 37.0]       0.000000 -9.998306e-01  0.000000  0.000000
[63.0, 43.0, 77.0, 57.0]     -0.903839  0.000000e+00 -0.909466  0.000000
[63.0, 63.0, 77.0, 77.0]      0.000000  0.000000e+00  0.000000  0.000000
[83.0, 63.0, 97.0, 77.0]     -0.764783  0.000000e+00 -0.697596  0.000000
[83.0, 83.0, 97.0, 97.0]      0.000000  0.000000e+00  0.000000  0.000000
[83.0, 103.0, 97.0, 117.0]    0.000000  0.000000e+00  0.000000 -0.538778
[103.0, 103.0, 117.0, 117.0]  0.000000  0.000000e+00  0.000000  0.000000
[103.0, 123.0, 117.0, 137.0]  0.000000  0.000000e+00  0.000000  0.000000
[103.0, 143.0, 117.0, 157.0]  0.000000 -3.443408e-01  0.000000  0.000000
[83.0, 143.0, 97.0, 157.0]    0.000000  0.000000e+00  0.000000  0.000000
[63.0, 143.0, 77.0, 157.0]   -0.222179  0.000000e+00  0.000000 -0.190272
[83.0, 123.0, 97.0, 137.0]    0.000000  0.000000e+00  0.000000 -0.479659
[123.0, 123.0, 137.0, 137.0]  0.000000  0.000000e+00  0.000000  0.000000
[143.0, 123.0, 157.0, 137.0]  0.000000  0.000000e+00 -0.324271  0.000000
[143.0, 143.0, 157.0, 157.0]  0.000000  0.000000e+00  0.000000  0.000000
[143.0, 163.0, 157.0, 177.0]  0.000000 -2.063857e-01  0.000000 -0.206386
[163.0, 163.0, 177.0, 177.0]  0.000000  0.000000e+00  0.000000  0.000000
[183.0, 163.0, 197.0, 177.0] -0.049010  0.000000e+00 -0.095618  0.000000
[183.0, 183.0, 197.0, 197.0]  0.000000  0.000000e+00  0.000000  0.000000
[163.0, 183.0, 177.0, 197.0]  0.000000 -9.561792e-02  0.000000 -0.086483
[203.0, 183.0, 217.0, 197.0] -0.039404  0.000000e+00  0.000000  0.000000
[203.0, 203.0, 217.0, 217.0]  0.000000  0.000000e+00  0.000000  0.000000
[183.0, 203.0, 197.0, 217.0]  0.000000  0.000000e+00  0.000000 -0.077255
[223.0, 203.0, 237.0, 217.0]  0.000000  0.000000e+00  0.000000  0.000000
[243.0, 203.0, 257.0, 217.0]  0.000000  0.000000e+00  0.000000  0.000000
[243.0, 223.0, 257.0, 237.0]  0.000000  0.000000e+00  0.000000  0.000000
[263.0, 223.0, 277.0, 237.0]  0.000000  0.000000e+00  0.000000  0.000000
[283.0, 223.0, 297.0, 237.0]  0.000000  0.000000e+00  0.000000  0.000000
[283.0, 203.0, 297.0, 217.0]  0.000000  0.000000e+00  0.000000  0.000000
[303.0, 203.0, 317.0, 217.0]  0.000000  0.000000e+00  0.000000  0.000000
[303.0, 223.0, 317.0, 237.0]  0.000000  0.000000e+00  0.000000  0.000000
[323.0, 223.0, 337.0, 237.0]  0.000000  0.000000e+00  0.000000  0.000000
[343.0, 223.0, 357.0, 237.0]  0.000000  0.000000e+00  0.000000  0.000000
[323.0, 243.0, 337.0, 257.0]  0.000000  0.000000e+00  0.000000  0.000000
[343.0, 243.0, 357.0, 257.0]  0.000000  0.000000e+00  0.000000  0.000000
[323.0, 263.0, 337.0, 277.0]  0.000000  0.000000e+00  0.000000  0.000000
[303.0, 263.0, 317.0, 277.0]  0.000000  0.000000e+00  0.000000 -0.010000
[303.0, 283.0, 317.0, 297.0]  0.000000  0.000000e+00  0.000000 -0.010000
[303.0, 303.0, 317.0, 317.0]  0.000000  0.000000e+00  0.000000 -0.019900
[303.0, 323.0, 317.0, 337.0]  0.000000  0.000000e+00  0.000000 -0.010000
[303.0, 343.0, 317.0, 357.0]  0.000000  0.000000e+00  0.000000  0.000000
[323.0, 343.0, 337.0, 357.0]  0.000000  0.000000e+00  0.000000  0.000000
[323.0, 323.0, 337.0, 337.0]  0.000000  0.000000e+00  0.000000  0.000000
[343.0, 343.0, 357.0, 357.0]  0.000000  0.000000e+00  0.000000  0.000000
[363.0, 343.0, 377.0, 357.0]  0.000000  0.000000e+00  0.000000  0.000000
[383.0, 343.0, 397.0, 357.0] -0.010000  0.000000e+00  0.000000  0.000000
[403.0, 343.0, 417.0, 357.0]  0.000000  8.100000e-07  0.000000  0.000000
[383.0, 363.0, 397.0, 377.0]  0.000000  0.000000e+00  0.000000  0.000000
[363.0, 363.0, 377.0, 377.0]  0.000000  0.000000e+00  0.000000  0.000000
[403.0, 363.0, 417.0, 377.0]  0.000000  2.682000e-04  0.000000  0.000000
[403.0, 383.0, 417.0, 397.0]  0.000000  2.970100e-02  0.000000  0.000000

Length of full Q-table = 333
Full Q-table:
                                0         1         2     3
[3.0, 3.0, 17.0, 17.0]        0.0  0.000000  0.000000  0.00
[23.0, 3.0, 37.0, 17.0]       0.0  0.000000 -0.999851  0.00
[23.0, 23.0, 37.0, 37.0]      0.0  0.000000  0.000000  0.00
[3.0, 23.0, 17.0, 37.0]       0.0 -0.999831  0.000000  0.00
obstacle                      0.0  0.000000  0.000000  0.00
                          ...       ...       ...   ...
[503.0, 183.0, 517.0, 197.0]  0.0  0.000000  0.000000  0.00
[503.0, 163.0, 517.0, 177.0]  0.0  0.000000  0.000000 -0.01
[383.0, 383.0, 397.0, 397.0]  0.0  0.000000  0.000000  0.00
[383.0, 403.0, 397.0, 417.0]  0.0 -0.010000  0.000000  0.00
[363.0, 403.0, 377.0, 417.0]  0.0  0.000000  0.000000  0.00

[333 rows x 4 columns]
